0.4696081454921197
0.4706510977741028
0.4719945007522108
0.47386120631308537
0.47608112859715956
0.47823883632119624
0.4799048841246192
0.48077843779906204
0.4807379858935498
0.4798256225114329
0.47818959374515313
0.4517313747137321
0.4324747907822246
0.42051433466242977
0.41267333947933055
0.407214427023646
0.4032250301282297
0.4001973680190508
0.3978298061405807
0.39593289676668403
0.38748936016343144
0.3847546268616331
0.38340810500007844
0.3826076158104275
0.382
0.3817
0.3813
0.381
0.38
0.37947087424251363
