0.5895650536343373
0.6031651101671399
0.6173388056864909
0.6320105381013132
0.6469043128556429
0.6614226611649652
0.674679113228769
0.6858162310455909
0.6944186839158265
0.7006240271934626
0.7048925494849732
0.7116238356606134
0.7097144639259604
0.7082861735159627
0.7072758188476832
0.7065338652378338
0.7059717874543803
0.7055354857194216
0.7051898132371749
0.7049109418287479
0.7036662827773079
0.7032630464196377
0.7030638315780866
0.7029451929250142
0.7029
0.7028
0.7027
0.7026
0.7025
0.7024793204352447
