0.7170006313197693
0.726742652192897
0.7358932422922894
0.744277701851066
0.7517993015606359
0.7583133846291655
0.7635381226238817
0.7672058250851885
0.7693082023803647
0.7701094228688201
0.7699682676955354
0.7571595066260385
0.7490025242550296
0.744745004403786
0.7422710927389319
0.7406877643515745
0.7395951121013873
0.7387970692906314
0.7381887549981115
0.737709630529776
0.7356342379896337
0.7349751988988202
0.7346532944649194
0.7344627653610768
0.7342
0.7341
0.734
0.7339
0.7338
0.7337203373264157
