0.9999426111908178
0.9999426111908178
0.9999426111908178
0.9999426111908178
0.9999426111908178
0.9999426111908178
0.9999426111908178
0.9999426111908178
0.9999426111908178
0.9999426111908178
0.9999426111908178
0.9999426111908178
0.9999426111908178
0.9999426111908178
0.9999426111908178
0.9999426111908178
0.9999426111908178
0.9999426111908178
0.9999426111908178
0.9999426111908178
0.9999426111908178
0.9999426111908178
0.9999426111908178
0.9999426111908178
0.9999426111908178
0.9999426111908178
0.9999856526947819
0.9999856526947819
0.9999856526947819
0.9999426111908178
