0.9992955147774162
0.9993290616927775
0.9993290616927775
0.9994967962695832
0.9994967962695832
0.9994967962695832
0.9994967962695832
0.9994967962695832
0.9994967962695832
0.9994967962695832
0.9994967962695832
0.9994967962695832
0.9994967962695832
0.9994967962695832
0.9994967962695832
0.9994967962695832
0.9994967962695832
0.9994967962695832
0.9994967962695832
0.9994967962695832
0.9994967962695832
0.9994967962695832
0.9994967962695832
0.9994967962695832
0.9994967962695832
0.9994967962695832
0.9994967962695832
0.9992702509955874
0.999127572059879
0.9994967962695832
