0.5237401015255518
0.5317590957677464
0.5416404792613199
0.5613234369925875
0.564321272166559
0.5691946248536979
0.5701772763167134
0.5739675002262675
0.5728808148596295
0.5755893414810382
0.5759634473679732
0.5315239932614703
0.5109581712828757
0.49802908795313616
0.4907963831583356
0.47937728439868854
0.47672859820440194
0.475711023847275
0.475711023847275
0.47344791813269727
0.4651912318038969
0.4609411077701547
0.4606895302035613
0.46025903158125875
0.46018992962967686
0.45970298152198186
0.4591348384223341
0.4600523613446262
0.456824736764801
0.45160166165641086
