0.9257042023847909
0.9259689585505492
0.925785667260299
0.9261885494444073
0.9259304708470928
0.9255813232139135
0.9264579103774726
0.9273184514620969
0.9277801250287816
0.9278981770462306
0.9277366321802475
0.9259235671769114
0.9234537831975737
0.9219066732331586
0.9202601505802669
0.9197645158283887
0.9197645158283887
0.9181863369474044
0.9172854080586534
0.9167945571468511
0.9165734665650631
0.9163996181217428
0.9162053177595666
0.9160890658248154
0.9157974056052444
0.9155643554824421
0.9141486613003935
0.9180379585051764
0.9158759972638414
0.9156503554699884
