0.6994671159687778
0.713670467336086
0.7304726037603219
0.7502140789880529
0.7731175535666899
0.7990984602262369
0.8274736937026994
0.8566818892399988
0.8843496864870355
0.9080406764202478
0.9263561391560645
0.9644350459751839
0.963677321051691
0.9621661800772152
0.9610818369118721
0.9603410624103641
0.9598209738495619
0.9594415175440348
0.9591544679278168
0.9589304673868527
0.9579866646784373
0.9576943153187488
0.957552007570212
0.9574678216572061
0.9574121885399395
0.9573726883329194
0.9573431921792998
0.9573203267329884
NaN
0.9571397624135135
