0.8020849044273103
0.8144935205249854
0.8273237738225945
0.8406601002633033
0.8543518272425525
0.8677174089185128
0.8795595274753647
0.8888195899620801
0.8952529949788255
0.8993076898004987
0.9016178932638603
0.8994305996391684
0.8955236365328003
0.893296686666015
0.8919257870573429
0.8910072496047802
0.8903497151681422
0.8898556007542123
0.8894707899101264
0.8891629070252393
0.887797202168892
0.8873617294967603
0.8871495409819409
0.8870240168746961
0.8869410684572288
NaN
NaN
NaN
NaN
0.8865349124129469
