0.7942053666376054
0.8033469765548692
0.8124794649125624
0.8211806431233297
0.8290254104667841
0.83568570629
0.8410098301645439
0.8450331368816358
0.8479223964322528
0.8498988777539038
0.8511798611087945
0.8506182135365814
0.8469563586317276
0.8442243309745168
0.8422626624914745
0.8408284922733883
0.8397557639510588
0.8389350624549281
0.8382935458869257
0.8377819700548281
0.8355640364006167
0.8348697915316053
0.8345315465526422
0.8343313589024666
0.8341990310319246
NaN
NaN
NaN
NaN
0.8335506243891531
