0.9961778518714296
0.9965031410738611
0.996604793949621
0.9967064468253808
0.9967877691259887
0.9967674385508367
0.9967674385508367
0.9967674385508367
0.9968894220017486
0.9968894220017486
0.9968894220017486
0.9969910748775084
0.9969504137272045
0.9969504137272045
0.9969504137272045
0.9969097525769005
0.9969097525769005
0.9969097525769005
0.9969097525769005
0.9969097525769005
0.9969097525769005
0.9968080997011407
0.9968080997011407
0.9968080997011407
0.9968639928564775
0.9968639928564775
0.9970520068746296
0.9970520068746296
0.9970520068746296
0.9968334968387488
