0.9971370075070326
0.9972368793381826
0.9972868152537576
0.9972868152537576
0.997419977695291
0.997419977695291
0.9976030760523995
0.9976030760523995
0.9976363666627827
0.9976363666627827
0.9976363666627827
0.9970704262862659
0.997070426286266
0.9968873279291576
0.9968873279291576
0.9968873279291576
0.9968873279291576
0.9968873279291576
0.9968873279291576
0.9968873279291576
0.9968540373187742
0.9968540373187742
0.9967541654876242
0.9965877124357074
0.9965877124357074
0.9966584410860845
0.9967041748501125
0.9964084945564754
0.9973801209021804
0.9965877124357074
